"","radius_mean","area_mean","concave points_mean"
"1",17.99,1001,0.1471
"2",20.57,1326,0.07017
"3",19.69,1203,0.1279
"4",11.42,386.1,0.1052
"5",20.29,1297,0.1043
"6",12.45,477.1,0.08089
"7",18.25,1040,0.074
"8",13.71,577.9,0.05985
"9",13,519.8,0.09353
"10",12.46,475.9,0.08543
"11",16.02,797.8,0.03323
"12",15.78,781,0.06606
"13",19.17,1123,0.1118
"14",15.85,782.7,0.05364
"15",13.73,578.3,0.08025
"16",14.54,658.8,0.07364
"17",14.68,684.5,0.05259
"18",16.13,798.8,0.1028
"19",19.81,1260,0.09498
"20",13.54,566.3,0.04781
"21",13.08,520,0.0311
"22",9.504,273.9,0.02076
"23",15.34,704.4,0.09756
"24",21.16,1404,0.08632
"25",16.65,904.6,0.0917
"26",17.14,912.7,0.1401
"27",14.58,644.8,0.08783
"28",18.61,1094,0.07731
"29",15.3,732.4,0.08751
"30",17.57,955.1,0.07953
"31",18.63,1088,0.1244
"32",11.84,440.6,0.05182
"33",17.02,899.3,0.1203
"34",19.27,1162,0.07593
"35",16.13,807.2,0.07752
"36",16.74,869.5,0.06018
"37",14.25,633,0.05598
"38",13.03,523.8,0.02923
"39",14.99,698.8,0.02899
"40",13.48,559.2,0.05439
"41",13.44,563,0.02031
"42",10.95,371.1,0.05669
"43",19.07,1104,0.09961
"44",13.28,545.2,0.06158
"45",13.17,531.5,0.05252
"46",18.65,1076,0.1009
"47",8.196,201.9,0.005917
"48",13.17,534.6,0.0734
"49",12.05,449.3,0.02749
"50",13.49,561,0.03384
"51",11.76,427.9,0.01115
"52",13.64,571.8,0.01723
"53",11.94,437.6,0.01349
"54",18.22,1033,0.106
"55",15.1,712.8,0.03334
"56",11.52,409,0.02278
"57",19.21,1152,0.08994
"58",14.71,656.9,0.08123
"59",13.05,527.2,0.004167
"60",8.618,224.5,0.007799
"61",10.17,311.9,0.0129
"62",8.598,221.8,0.009259
"63",14.25,645.7,0.08653
"64",9.173,260.9,0.0218
"65",12.68,499,0.06873
"66",14.78,668.3,0.09029
"67",9.465,269.4,0.01504
"68",11.31,394.1,0.0223
"69",9.029,250.5,0.04375
"70",12.78,502.5,0.02864
"71",18.94,1130,0.07951
"72",8.888,244,0.02872
"73",17.2,929.4,0.07944
"74",13.8,584.1,0.05069
"75",12.31,470.9,0.02272
"76",16.07,817.7,0.06638
"77",13.53,559.2,0.06556
"78",18.05,1006,0.108
"79",20.18,1245,0.1604
"80",12.86,506.3,0.02315
"81",11.45,401.5,0.02233
"82",13.34,520,0.06987
"83",25.22,1878,0.1845
"84",19.1,1132,0.1469
"85",12,443.3,0.01863
"86",18.46,1075,0.08795
"87",14.48,648.2,0.04938
"88",19.02,1076,0.08271
"89",12.36,466.1,0.03745
"90",14.64,651.9,0.07064
"91",14.62,662.7,0.02957
"92",15.37,728.2,0.07483
"93",13.27,551.7,0.02648
"94",13.45,555.1,0.0278
"95",15.06,705.6,0.08815
"96",20.26,1264,0.08683
"97",12.18,451.1,0.02941
"98",9.787,294.5,0.007937
"99",11.6,412.6,0.0335
"100",14.42,642.5,0.05839
"101",13.61,582.7,0.04489
"102",6.981,143.5,0
"103",12.18,458.7,0.0177
"104",9.876,298.3,0.03029
"105",10.49,336.1,0.01201
"106",13.11,530.2,0.09601
"107",11.64,412.5,0.03485
"108",12.36,466.7,0.01921
"109",22.27,1509,0.1823
"110",11.34,396.5,0.01899
"111",9.777,290.2,0.01778
"112",12.63,480.4,0.06021
"113",14.26,629.9,0.07798
"114",10.51,334.2,0.03068
"115",8.726,230.9,0.01924
"116",11.93,438.6,0.02008
"117",8.95,245.2,0.02308
"118",14.87,682.5,0.08923
"119",15.78,782.6,0.09479
"120",17.95,982,0.05596
"121",11.41,403.3,0.02623
"122",18.66,1077,0.08665
"123",24.25,1761,0.2012
"124",14.5,640.7,0.05778
"125",13.37,553.5,0.028
"126",13.85,588.7,0.01141
"127",13.61,572.6,0.03085
"128",19,1138,0.05627
"129",15.1,674.5,0.08534
"130",19.79,1192,0.1149
"131",12.19,455.8,0.02882
"132",15.46,748.9,0.08087
"133",16.16,809.8,0.05613
"134",15.71,761.7,0.05933
"135",18.45,1075,0.06847
"136",12.77,506.3,0.02704
"137",11.71,423.6,0.026
"138",11.43,399.8,0.02875
"139",14.95,678.1,0.08624
"140",11.28,384.8,0.04796
"141",9.738,288.5,0
"142",16.11,813,0.05943
"143",11.43,398,0.01861
"144",12.9,512.2,0.03088
"145",10.75,355.3,0.007875
"146",11.9,432.8,0.03003
"147",11.8,432,0.07415
"148",14.95,689.5,0.03562
"149",14.44,640.1,0.05532
"150",13.74,585,0.01329
"151",13,519.4,0.02645
"152",8.219,203.9,0.02168
"153",9.731,300.2,0.07857
"154",11.15,381.9,0.01786
"155",13.15,538.9,0.03483
"156",12.25,460.3,0.02331
"157",17.68,963.7,0.1054
"158",16.84,880.2,0.02771
"159",12.06,448.6,0.01963
"160",10.9,366.8,0.006588
"161",11.75,419.8,0.03738
"162",19.19,1157,0.09667
"163",19.59,1214,0.1286
"164",12.34,464.5,0.02822
"165",23.27,1686,0.09702
"166",14.97,690.2,0.01939
"167",10.8,357.6,0.01698
"168",16.78,886.3,0.06576
"169",17.47,984.6,0.1043
"170",14.97,685.9,0.03781
"171",12.32,464.1,0.037
"172",13.43,565.4,0.03438
"173",15.46,736.9,0.1097
"174",11.08,372.7,0.02583
"175",10.66,349.6,0
"176",8.671,227.2,0
"177",9.904,302.4,0.03716
"178",16.46,832.9,0.08866
"179",13.01,526.4,0.001852
"180",12.81,508.8,0.0133
"181",27.22,2250,0.1878
"182",21.09,1311,0.1496
"183",15.7,766.6,0.05189
"184",11.41,402,0.02361
"185",15.28,710.6,0.03263
"186",10.08,317.5,0.002404
"187",18.31,1041,0.05814
"188",11.71,420.3,0.03239
"189",11.81,428.9,0.01553
"190",12.3,463.7,0.01654
"191",14.22,609.9,0.06618
"192",12.77,507.4,0.02864
"193",9.72,288.1,0
"194",12.34,477.4,0.04562
"195",14.86,671.4,0.08878
"196",12.91,516.4,0.02377
"197",13.77,588.9,0.06526
"198",18.08,1024,0.05778
"199",19.18,1148,0.06772
"200",14.45,642.7,0.0598
"201",12.23,461,0.04107
"202",17.54,951.6,0.07488
"203",23.29,1685,0.162
"204",13.81,597.8,0.09176
"205",12.47,481.9,0.03821
"206",15.12,716.6,0.04079
"207",9.876,295.4,0.01952
"208",17.01,904.3,0.0539
"209",13.11,529.4,0.05102
"210",15.27,725.5,0.03157
"211",20.58,1290,0.09561
"212",11.84,428,0.01393
"213",28.11,2499,0.1595
"214",17.42,948,0.06597
"215",14.19,610.7,0.06462
"216",13.86,578.9,0.05602
"217",11.89,432.2,0.03142
"218",10.2,321.2,0.01071
"219",19.8,1230,0.08691
"220",19.53,1223,0.06637
"221",13.65,568.9,0.02563
"222",13.56,561.3,0.04451
"223",10.18,313.1,0.01915
"224",15.75,761.3,0.06462
"225",13.27,546.4,0.02456
"226",14.34,641.2,0.04603
"227",10.44,329.6,0.01216
"228",15,684.5,0.0378
"229",12.62,496.4,0.02036
"230",12.83,503.2,0.06861
"231",17.05,895,0.109
"232",11.32,395.7,0.003125
"233",11.22,386.8,0.006434
"234",20.51,1319,0.0834
"235",9.567,279.6,0.01667
"236",14.03,603.4,0.01896
"237",23.21,1670,0.1237
"238",20.48,1306,0.06022
"239",14.22,623.9,0.04408
"240",17.46,920.6,0.08811
"241",13.64,575.3,0.03731
"242",12.42,476.5,0.01108
"243",11.3,389.4,0.02854
"244",13.75,590,0.02344
"245",19.4,1155,0.08886
"246",10.48,337.7,0.0307
"247",13.2,541.6,0.01105
"248",12.89,512.2,0.0398
"249",10.65,347,0.01615
"250",11.52,406.3,0.02929
"251",20.94,1364,0.131
"252",11.5,407.4,0.02069
"253",19.73,1206,0.0974
"254",17.3,928.2,0.08353
"255",19.45,1169,0.08591
"256",13.96,602.4,0.05246
"257",19.55,1207,0.1144
"258",15.32,713.3,0.1242
"259",15.66,773.5,0.1377
"260",15.53,744.9,0.08399
"261",20.31,1288,0.09333
"262",17.35,933.1,0.02837
"263",17.29,947.8,0.07507
"264",15.61,758.6,0.02847
"265",17.19,928.3,0.06527
"266",20.73,1419,0.08646
"267",10.6,346.4,0.02642
"268",13.59,561,0.02142
"269",12.87,512.2,0.01615
"270",10.71,344.9,0.02867
"271",14.29,632.6,0.00625
"272",11.29,388,0.02755
"273",21.75,1491,0.1088
"274",9.742,289.9,0.01407
"275",17.93,998.9,0.04744
"276",11.89,435.6,0.07404
"277",11.33,396.6,0.003333
"278",18.81,1102,0.05843
"279",13.59,572.3,0.01238
"280",13.85,587.4,0.03711
"281",19.16,1138,0.09664
"282",11.74,427.3,0.02763
"283",19.4,1145,0.09464
"284",16.24,805.1,0.09052
"285",12.89,516.6,0.0339
"286",12.58,489,0.002924
"287",11.94,441,0.03791
"288",12.89,515.9,0.01171
"289",11.26,394.1,0.05588
"290",11.37,396,0.02173
"291",14.41,651,0.06602
"292",14.96,687.3,0.04819
"293",12.95,513.7,0.0337
"294",11.85,432.7,0.0228
"295",12.72,492.1,0.01924
"296",13.77,582.7,0.01917
"297",10.91,363.7,0.01369
"298",11.76,431.1,0.03515
"299",14.26,633.1,0.01374
"300",10.51,334.2,0.01875
"301",19.53,1217,0.1062
"302",12.46,471.3,0.03099
"303",20.09,1247,0.128
"304",10.49,334.3,0.0178
"305",11.46,403.1,0.01502
"306",11.6,417.2,0.01313
"307",13.2,537.3,0.003261
"308",9,246.3,0.003472
"309",13.5,566.2,0.004419
"310",13.05,530.6,0.008829
"311",11.7,418.7,0.01148
"312",14.61,664.9,0.01877
"313",12.76,504.1,0.02548
"314",11.54,409.1,0.008907
"315",8.597,221.2,0
"316",12.49,481.6,0.006423
"317",12.18,461.4,0.005051
"318",18.22,1027,0.0795
"319",9.042,244.5,0.04908
"320",12.43,477.3,0.01699
"321",10.25,324.2,0.03965
"322",20.16,1274,0.07726
"323",12.86,504.8,0.034
"324",20.34,1264,0.1504
"325",12.2,457.9,0.01692
"326",12.67,489.9,0.02107
"327",14.11,616.5,0.02733
"328",12.03,446,0.005592
"329",16.27,813.7,0.08488
"330",16.26,826.8,0.07981
"331",16.03,793.2,0.07041
"332",12.98,514,0.0295
"333",11.22,387.3,0.007583
"334",11.25,390,0.002941
"335",12.3,464.4,0.008535
"336",17.06,918.6,0.09934
"337",12.99,514.3,0.02098
"338",18.77,1092,0.0609
"339",10.05,310.8,0.01775
"340",23.51,1747,0.141
"341",14.42,641.2,0.04223
"342",9.606,280.5,0.02292
"343",11.06,373.9,0.03341
"344",19.68,1194,0.1103
"345",11.71,420.3,0.0325
"346",10.26,321.6,0.02037
"347",12.06,445.3,0.008488
"348",14.76,668.7,0.03528
"349",11.47,402.7,0.02322
"350",11.95,426.7,0.01787
"351",11.66,421,0.01162
"352",15.75,758.6,0.1242
"353",25.73,2010,0.1913
"354",15.08,716.6,0.06553
"355",11.14,384.6,0.01471
"356",12.56,485.8,0.04391
"357",13.05,512,0.05603
"358",13.87,593.7,0.02088
"359",8.878,241,0.02381
"360",9.436,278.6,0.01406
"361",12.54,491.9,0.005449
"362",13.3,546.1,0.02424
"363",12.76,496.6,0.01781
"364",16.5,838.1,0.04835
"365",13.4,552.4,0.01473
"366",20.44,1293,0.07785
"367",20.2,1234,0.1265
"368",12.21,458.4,0.02027
"369",21.71,1546,0.08465
"370",22.01,1482,0.1501
"371",16.35,840.4,0.08773
"372",15.19,711.8,0.02657
"373",21.37,1386,0.1255
"374",20.64,1335,0.08941
"375",13.69,579.1,0.02031
"376",16.17,788.5,0.05397
"377",10.57,338.3,0.05941
"378",13.46,562.1,0.01117
"379",13.66,580.6,0.02471
"380",11.08,361.6,0.06367
"381",11.27,386.3,0.0555
"382",11.04,372.7,0.02074
"383",12.05,447.8,0.02978
"384",12.39,462.9,0.0288
"385",13.28,541.8,0.02864
"386",14.6,664.7,0.05271
"387",12.21,462,0.02534
"388",13.88,596.6,0.008507
"389",11.27,392,0.02757
"390",19.55,1174,0.1021
"391",10.26,321.6,0.01968
"392",8.734,234.3,0
"393",15.49,744.7,0.09113
"394",21.61,1407,0.1562
"395",12.1,446.2,0.03326
"396",14.06,609.1,0.03251
"397",13.51,558.1,0.05381
"398",12.8,508.3,0.04083
"399",11.06,378.2,0.007246
"400",11.8,431.9,0.01638
"401",17.91,994,0.1198
"402",11.93,442.7,0.01796
"403",12.96,525.2,0.01883
"404",12.94,507.6,0.0239
"405",12.34,469.1,0.02054
"406",10.94,370,0.02932
"407",16.14,800,0.04528
"408",12.85,514.5,0.01867
"409",17.99,991.7,0.08824
"410",12.27,466.1,0.02653
"411",11.36,399.8,0.021
"412",11.04,373.2,0.0248
"413",9.397,268.8,0.005128
"414",14.99,693.7,0.03876
"415",15.13,719.5,0.02739
"416",11.89,433.8,0.02179
"417",9.405,271.2,0.01257
"418",15.5,803.1,0.08481
"419",12.7,495,0.02402
"420",11.16,380.3,0.01076
"421",11.57,409.7,0.01428
"422",14.69,656.1,0.063
"423",11.61,408.2,0.04497
"424",13.66,575.3,0.04812
"425",9.742,289.7,0.01967
"426",10.03,307.3,0.005159
"427",10.48,333.6,0.02218
"428",10.8,359.9,0.01404
"429",11.13,381.1,0.0137
"430",12.72,501.3,0.01835
"431",14.9,685,0.09711
"432",12.4,467.8,0.02799
"433",20.18,1250,0.1259
"434",18.82,1110,0.08744
"435",14.86,673.7,0.02877
"436",13.98,599.5,0.06463
"437",12.87,509.2,0.0209
"438",14.04,611.2,0.02944
"439",13.85,592.6,0.02293
"440",14.02,606.5,0.02652
"441",10.97,371.5,0.03613
"442",17.27,928.8,0.05736
"443",13.78,585.9,0.009937
"444",10.57,340.9,0.01111
"445",18.03,990,0.06254
"446",11.99,441.3,0.04274
"447",17.75,981.6,0.08293
"448",14.8,674.8,0.0226
"449",14.53,659.7,0.02925
"450",21.1,1384,0.1155
"451",11.87,432,0.02386
"452",19.59,1191,0.09063
"453",12,442.5,0.01945
"454",14.53,644.2,0.06495
"455",12.62,492.9,0.02272
"456",13.38,557.2,0.03264
"457",11.63,415.1,0.02017
"458",13.21,537.9,0.02068
"459",13,520.2,0.01762
"460",9.755,290.9,0.01043
"461",17.08,930.9,0.06431
"462",27.42,2501,0.1689
"463",14.4,646.1,0.01737
"464",11.6,412.7,0.01777
"465",13.17,537.3,0.0287
"466",13.24,542.9,0.02833
"467",13.14,536.9,0.0351
"468",9.668,286.3,0.005769
"469",17.6,980.5,0.1002
"470",11.62,408.8,0.05564
"471",9.667,289.1,0.01514
"472",12.04,449.9,0.02377
"473",14.92,686.9,0.03221
"474",12.27,465.4,0
"475",10.88,358.9,0.01571
"476",12.83,506.9,0.03078
"477",14.2,618.4,0.03058
"478",13.9,599.4,0.01339
"479",11.49,404.9,0.01969
"480",16.25,815.8,0.09194
"481",12.16,455.3,0.01527
"482",13.9,602.9,0.0207
"483",13.47,546.3,0.05266
"484",13.7,571.1,0.0316
"485",15.73,747.2,0.06211
"486",12.45,476.7,0.04846
"487",14.64,666,0.02791
"488",19.44,1167,0.1194
"489",11.68,420.5,0.03132
"490",16.69,857.6,0.02307
"491",12.25,466.5,0.01261
"492",17.85,992.1,0.04178
"493",18.01,1007,0.07762
"494",12.46,477.3,0.01149
"495",13.16,538.7,0.01256
"496",14.87,680.9,0.04951
"497",12.65,485.6,0.05074
"498",12.47,480.1,0.02369
"499",18.49,1068,0.09183
"500",20.59,1320,0.1121
"501",15.04,689.4,0.06142
"502",13.82,595.9,0.06759
"503",12.54,476.3,0.03279
"504",23.09,1682,0.1003
"505",9.268,248.7,0.05252
"506",9.676,272.5,0.07038
"507",12.22,453.1,0.02166
"508",11.06,366.5,0.04268
"509",16.3,819.8,0.04563
"510",15.46,731.3,0.0852
"511",11.74,426,0.02639
"512",14.81,680.7,0.02541
"513",13.4,556.7,0.08172
"514",14.58,658.8,0.04349
"515",15.05,701.9,0.04335
"516",11.34,391.2,0.02594
"517",18.31,1052,0.09451
"518",19.89,1214,0.09431
"519",12.88,493.1,0.05303
"520",12.75,493.8,0.02995
"521",9.295,257.8,0.02421
"522",24.63,1841,0.1471
"523",11.26,388.1,0.005664
"524",13.71,571,0.03783
"525",9.847,293.2,0.02416
"526",8.571,221.3,0.0151
"527",13.46,551.1,0.03152
"528",12.34,468.5,0.02647
"529",13.94,594.2,0.06615
"530",12.07,445.2,0.02798
"531",11.75,422.9,0.0444
"532",11.67,416.2,0.02157
"533",13.68,575.5,0.0188
"534",20.47,1299,0.1015
"535",10.96,365.6,0.02788
"536",20.55,1308,0.1322
"537",14.27,629.8,0.06139
"538",11.69,406.4,0.04531
"539",7.729,178.8,0
"540",7.691,170.4,0.01364
"541",11.54,402.9,0.02594
"542",14.47,656.4,0.0389
"543",14.74,668.6,0.03027
"544",13.21,538.4,0.03275
"545",13.87,584.8,0.02369
"546",13.62,573.2,0.02443
"547",10.32,324.9,0.005495
"548",10.26,320.8,0.02438
"549",9.683,285.7,0.009615
"550",10.82,361.6,0.00816
"551",10.86,360.5,0
"552",11.13,378.4,0.02257
"553",12.77,507.9,0.01499
"554",9.333,264,0.01282
"555",12.88,514.3,0.02343
"556",10.29,321.4,0.02738
"557",10.16,311.7,0.01116
"558",9.423,271.3,0
"559",14.59,657.1,0.03736
"560",11.51,403.5,0.04105
"561",14.05,600.4,0.04304
"562",11.2,386,0
"563",15.22,716.9,0.09429
"564",20.92,1347,0.1474
"565",21.56,1479,0.1389
"566",20.13,1261,0.09791
"567",16.6,858.1,0.05302
"568",20.6,1265,0.152
"569",7.76,181,0
